Shape: square
Grid Step: 0.25
Radius: 5
Iterations: 400
Estimator: II
Strategy: Best
Min GC Length: 2
Max GC Length: 50
Jonctions: 1
Length Penalization: 0.005
Fixed Linels: +153 +246 0 +154 +247 0 +155 +248 0 +156 +249 0 +156 +251 0 +157 +252 0 +158 +253 0 +158 +255 0 +159 +256 0 +160 +257 0 +160 +259 0 +161 +260 0 +162 +261 0 +162 +263 0 +163 +264 0 +164 +265 0 +164 +267 0 +165 +268 0 +166 +269 0 +166 +271 0 +167 +272 0 +168 +273 0 +168 +275 0 +169 +276 0 +170 +277 0 +170 +279 0 +171 +280 0 +172 +281 0 +172 +283 0 +173 +284 0 +174 +285 0 +174 +287 0 +175 +288 0 +176 +289 0 +176 +291 0 +177 +292 0 +178 +293 0 +178 +295 0 +179 +296 0 +180 +297 0 +180 +299 0 +181 +300 0 +182 +301 0 +182 +303 0 +183 +304 0 +184 +305 0 +184 +307 0 +185 +308 0 +186 +309 0 +186 +311 0 +187 +312 0 +188 +313 0 +188 +315 0 +189 +316 0 +190 +317 0 +190 +319 0 +191 +320 0 +192 +321 0 +192 +323 0 +193 +324 0 +194 +325 0 +195 +326 0 +196 +327 0 +197 +328 0 +198 +329 0 +199 +330 0 +200 +331 0 +200 +333 0 +201 +334 0 +202 +335 0 +203 +336 0 +204 +337 0 +205 +338 0 +206 +339 0 +207 +340 0 +208 +341 0 +209 +342 0 +210 +343 0 +210 +345 0 +211 +346 0 +212 +347 0 +213 +348 0 +214 +349 0 +215 +350 0 +216 +351 0 +217 +352 0 +218 +353 0 +219 +354 0 +220 +355 0 +220 +357 0 +221 +358 0 +222 +359 0 +223 +360 0 +224 +361 0 +225 +362 0 +226 +363 0 +227 +364 0 +228 +365 0 +229 +366 0 +230 +367 0 +230 +369 0 +231 +370 0 +232 +371 0 +233 +372 0 +234 +373 0 +235 +374 0 +236 +375 0 +237 +376 0 +238 +377 0 +239 +378 0 +240 +379 0 +240 +381 0 +241 +382 0 +242 +383 0 +243 +384 0 +244 +385 0 +245 +386 0 +246 +387 0 +247 +388 0 +248 +389 0 +249 +390 0 +250 +391 0 +250 +393 0 +251 +394 0 +252 +395 0 +448 +251 0 +449 +252 0 +450 +253 0 +451 +254 0 +452 +255 0 +453 +256 0 +454 +257 0 +454 +259 0 +455 +260 0 +456 +261 0 +457 +262 0 +458 +263 0 +459 +264 0 +460 +265 0 +460 +267 0 +461 +268 0 +462 +269 0 +463 +270 0 +464 +271 0 +465 +272 0 +466 +273 0 +466 +275 0 +467 +276 0 +468 +277 0 +469 +278 0 +470 +279 0 +471 +280 0 +472 +281 0 +472 +283 0 +473 +284 0 +474 +285 0 +475 +286 0 +476 +287 0 +477 +288 0 +478 +289 0 +478 +291 0 +479 +292 0 +480 +293 0 +481 +294 0 +482 +295 0 +483 +296 0 +484 +297 0 +484 +299 0 +485 +300 0 +486 +301 0 +487 +302 0 +488 +303 0 +489 +304 0 +490 +305 0 +490 +307 0 +491 +308 0 +492 +309 0 +493 +310 0 +494 +311 0 +495 +312 0 +496 +313 0 +496 +315 0 +497 +316 0 +498 +317 0 +499 +318 0 +501 +318 0 +503 +318 0 +505 +318 0 +507 +318 0 +509 +318 0 +511 +318 0 +513 +318 0 +515 +318 0 +517 +318 0 +519 +318 0 +521 +318 0 +523 +318 0 +525 +318 0 +527 +318 0 +529 +318 0 +531 +318 0 +533 +318 0 +535 +318 0 +537 +318 0 +539 +318 0 +540 +319 0 +540 +321 0 +540 +323 0 +540 +325 0 +540 +327 0 +540 +329 0 +540 +331 0 +540 +333 0 +540 +335 0 +540 +337 0 +540 +339 0 +540 +341 0 +540 +343 0 +540 +345 0 +540 +347 0 +540 +349 0 +540 +351 0 +540 +353 0 +540 +355 0 +540 +357 0 +540 +359 0 +540 +361 0 +540 +363 0 +540 +365 0 +540 +367 0 +540 +369 0 +540 +371 0 +540 +373 0 +540 +375 0 +540 +377 0 +540 +379 0 +540 +381 0 +540 +383 0 +540 +385 0 +540 +387 0 +540 +389 0 +540 +391 0 +540 +393 0 +540 +395 0 +540 +397 0 +540 +399 0 +540 +401 0 +540 +403 0 +540 +405 0 +540 +407 0 +540 +409 0 +540 +411 0 +540 +413 0 +540 +415 0 +540 +417 0 +540 +419 0 +540 +421 0 +540 +423 0 +540 +425 0 +540 +427 0 +540 +429 0 +540 +431 0 +540 +433 0 +540 +435 0 +540 +437 0 +540 +439 0 +152 +247 1 +152 +249 1 +152 +251 1 +152 +253 1 +152 +255 1 +152 +257 1 +152 +259 1 +152 +261 1 +152 +263 1 +152 +265 1 +152 +267 1 +152 +269 1 +152 +271 1 +152 +273 1 +152 +275 1 +152 +277 1 +152 +279 1 +152 +281 1 +152 +283 1 +152 +285 1 +152 +287 1 +152 +289 1 +152 +291 1 +152 +293 1 +152 +295 1 +152 +297 1 +152 +299 1 +152 +301 1 +152 +303 1 +152 +305 1 +152 +307 1 +152 +309 1 +152 +311 1 +152 +313 1 +152 +315 1 +152 +317 1 +152 +319 1 +152 +321 1 +152 +323 1 +152 +325 1 +152 +327 1 +152 +329 1 +152 +331 1 +152 +333 1 +152 +335 1 +152 +337 1 +152 +339 1 +152 +341 1 +152 +343 1 +152 +345 1 +152 +347 1 +152 +349 1 +152 +351 1 +152 +353 1 +152 +355 1 +152 +357 1 +152 +359 1 +152 +361 1 +152 +363 1 +152 +365 1 +152 +367 1 +152 +369 1 +152 +371 1 +152 +373 1 +152 +375 1 +152 +377 1 +152 +379 1 +152 +381 1 +152 +383 1 +152 +385 1 +152 +387 1 +152 +389 1 +152 +391 1 +152 +393 1 +152 +395 1 +152 +397 1 +152 +399 1 +152 +401 1 +152 +403 1 +152 +405 1 +152 +407 1 +152 +409 1 +152 +411 1 +152 +413 1 +152 +415 1 +152 +417 1 +152 +419 1 +152 +421 1 +152 +423 1 +152 +425 1 +152 +427 1 +152 +429 1 +152 +431 1 +152 +433 1 +152 +435 1 +152 +437 1 +152 +439 1 +153 +440 1 +155 +440 1 +157 +440 1 +159 +440 1 +161 +440 1 +163 +440 1 +165 +440 1 +167 +440 1 +169 +440 1 +171 +440 1 +173 +440 1 +175 +440 1 +177 +440 1 +179 +440 1 +181 +440 1 +183 +440 1 +185 +440 1 +187 +440 1 +189 +440 1 +191 +440 1 +193 +440 1 +195 +440 1 +197 +440 1 +199 +440 1 +201 +440 1 +203 +440 1 +205 +440 1 +207 +440 1 +209 +440 1 +211 +440 1 +213 +440 1 +215 +440 1 +217 +440 1 +219 +440 1 +221 +440 1 +223 +440 1 +225 +440 1 +227 +440 1 +229 +440 1 +231 +440 1 +233 +440 1 +235 +440 1 +237 +440 1 +239 +440 1 +241 +440 1 +243 +440 1 +245 +440 1 +247 +440 1 +249 +440 1 +251 +440 1 +253 +440 1 +255 +440 1 +257 +440 1 +259 +440 1 +261 +440 1 +263 +440 1 +265 +440 1 +267 +440 1 +269 +440 1 +271 +440 1 +273 +440 1 +275 +440 1 +277 +440 1 +279 +440 1 +281 +440 1 +283 +440 1 +285 +440 1 +287 +440 1 +289 +440 1 +291 +440 1 +293 +440 1 +295 +440 1 +297 +440 1 +299 +440 1 +301 +440 1 +303 +440 1 +305 +440 1 +307 +440 1 +309 +440 1 +311 +440 1 +313 +440 1 +315 +440 1 +317 +440 1 +319 +440 1 +321 +440 1 +323 +440 1 +325 +440 1 +327 +440 1 +329 +440 1 +331 +440 1 +333 +440 1 +335 +440 1 +337 +440 1 +339 +440 1 +341 +440 1 +343 +440 1 +345 +440 1 +347 +440 1 +349 +440 1 +351 +440 1 +353 +440 1 +355 +440 1 +357 +440 1 +359 +440 1 +361 +440 1 +363 +440 1 +365 +440 1 +367 +440 1 +369 +440 1 +371 +440 1 +373 +440 1 +375 +440 1 +377 +440 1 +379 +440 1 +381 +440 1 +383 +440 1 +385 +440 1 +387 +440 1 +389 +440 1 +391 +440 1 +393 +440 1 +395 +440 1 +397 +440 1 +399 +440 1 +401 +440 1 +403 +440 1 +405 +440 1 +407 +440 1 +409 +440 1 +411 +440 1 +413 +440 1 +415 +440 1 +417 +440 1 +419 +440 1 +421 +440 1 +423 +440 1 +425 +440 1 +427 +440 1 +429 +440 1 +431 +440 1 +433 +440 1 +435 +440 1 +437 +440 1 +439 +440 1 +441 +440 1 +443 +440 1 +445 +440 1 +447 +440 1 +449 +440 1 +451 +440 1 +453 +440 1 +455 +440 1 +457 +440 1 +459 +440 1 +461 +440 1 +463 +440 1 +465 +440 1 +467 +440 1 +469 +440 1 +471 +440 1 +473 +440 1 +475 +440 1 +477 +440 1 +479 +440 1 +481 +440 1 +483 +440 1 +485 +440 1 +487 +440 1 +489 +440 1 +491 +440 1 +493 +440 1 +495 +440 1 +497 +440 1 +499 +440 1 +501 +440 1 +503 +440 1 +505 +440 1 +507 +440 1 +509 +440 1 +511 +440 1 +513 +440 1 +515 +440 1 +517 +440 1 +519 +440 1 +521 +440 1 +523 +440 1 +525 +440 1 +527 +440 1 +529 +440 1 +531 +440 1 +533 +440 1 +535 +440 1 +537 +440 1 +539 +440 1 
