Shape: flower
Grid Step: 0.25
Radius: 5
Iterations: 400
Estimator: II
Strategy: Best
Min GC Length: 2
Max GC Length: 50
Jonctions: 1
Length Penalization: 0.01
Fixed Linels: 119 0 0 117 2 0 115 4 0 113 4 0 111 6 0 22 +41 0 20 +39 0 +1 80 0 +3 82 0 +5 84 0 +7 86 0 120 +1 1 119 +2 1 118 1 1 118 +3 1 117 +4 1 116 3 1 116 +5 1 115 +6 1 113 +6 1 112 5 1 112 +7 1 111 +8 1 21 +40 1 19 +38 1 17 +38 1 15 +38 1 14 +39 1 13 +40 1 12 +41 1 12 +43 1 0 79 1 0 77 1 +2 81 1 +3 +84 1 +4 83 1 +4 +85 1 +5 +86 1 +6 85 1 +6 +87 1 +7 +88 1 +8 +89 1 +9 +90 1 +10 +91 1 +11 +92 1 
