Shape: square
Grid Step: 0.25
Radius: 5
Iterations: 400
Estimator: II
Strategy: Best
Min GC Length: 2
Max GC Length: 50
Jonctions: 1
Length Penalization: 0.005
Fixed Linels: +133 +284 0 +135 +284 0 +137 +284 0 +139 +284 0 +141 +284 0 +143 +284 0 +145 +284 0 +147 +284 0 +149 +284 0 +151 +284 0 +153 +284 0 +154 +285 0 +155 +286 0 +157 +286 0 +159 +286 0 +161 +286 0 +163 +286 0 +165 +286 0 +167 +286 0 +169 +286 0 +171 +286 0 +173 +286 0 +174 +287 0 +175 +288 0 +176 +289 0 +177 +290 0 +178 +291 0 +179 +292 0 +180 +293 0 +181 +294 0 +182 +295 0 +183 +296 0 +185 +296 0 +186 +297 0 +187 +298 0 +188 +299 0 +189 +300 0 +190 +301 0 +191 +302 0 +192 +303 0 +193 +304 0 +194 +305 0 +195 +306 0 +196 +307 0 +197 +308 0 +198 +309 0 +199 +310 0 +200 +311 0 +201 +312 0 +202 +313 0 +203 +314 0 +205 +314 0 +206 +315 0 +207 +316 0 +208 +317 0 +209 +318 0 +210 +319 0 +211 +320 0 +212 +321 0 +213 +322 0 +214 +323 0 +215 +324 0 +216 +325 0 +217 +326 0 +218 +327 0 +219 +328 0 +220 +329 0 +221 +330 0 +222 +331 0 +223 +332 0 +225 +332 0 +226 +333 0 +227 +334 0 +228 +335 0 +229 +336 0 +230 +337 0 +231 +338 0 +232 +339 0 +233 +340 0 +234 +341 0 +235 +342 0 +236 +343 0 +237 +344 0 +238 +345 0 +239 +346 0 +240 +347 0 +241 +348 0 +242 +349 0 +243 +350 0 +245 +350 0 +246 +351 0 +247 +352 0 +248 +353 0 +249 +354 0 +250 +355 0 +251 +356 0 +252 +357 0 +253 +358 0 +254 +359 0 +255 +360 0 +256 +361 0 +257 +362 0 +258 +363 0 +259 +364 0 +260 +365 0 +261 +366 0 +262 +367 0 +263 +368 0 +265 +368 0 +266 +369 0 +267 +370 0 +268 +371 0 +269 +372 0 +270 +373 0 +271 +374 0 +272 +375 0 +273 +376 0 +274 +377 0 +550 +355 0 +550 +357 0 +551 +358 0 +552 +353 0 +553 +358 0 +554 +351 0 +555 +358 0 +556 +347 0 +556 +349 0 +557 +358 0 +558 +345 0 +559 +358 0 +560 +341 0 +560 +343 0 +561 +358 0 +562 +339 0 +563 +358 0 +564 +335 0 +564 +337 0 +565 +358 0 +566 +333 0 +567 +358 0 +568 +331 0 +569 +358 0 +570 +327 0 +570 +329 0 +571 +358 0 +572 +325 0 +573 +358 0 +574 +321 0 +574 +323 0 +575 +358 0 +576 +319 0 +577 +358 0 +578 +315 0 +578 +317 0 +579 +358 0 +580 +313 0 +581 +358 0 +582 +311 0 +583 +358 0 +584 +307 0 +584 +309 0 +585 +358 0 +586 +305 0 +587 +358 0 +588 +301 0 +588 +303 0 +589 +358 0 +590 +299 0 +591 +358 0 +592 +295 0 +592 +297 0 +593 +358 0 +594 +293 0 +595 +358 0 +596 +291 0 +597 +358 0 +598 +289 0 +599 +358 0 +601 +358 0 +603 +358 0 +605 +358 0 +607 +358 0 +609 +358 0 +611 +358 0 +613 +358 0 +615 +358 0 +617 +358 0 +619 +358 0 +621 +358 0 +623 +358 0 +625 +358 0 +627 +358 0 +629 +358 0 +631 +358 0 +633 +358 0 +635 +358 0 +637 +358 0 +639 +358 0 +640 +359 0 +640 +361 0 +640 +363 0 +640 +365 0 +640 +367 0 +640 +369 0 +640 +371 0 +640 +373 0 +640 +375 0 +640 +377 0 +640 +379 0 +640 +381 0 +640 +383 0 +640 +385 0 +640 +387 0 +640 +389 0 +640 +391 0 +640 +393 0 +640 +395 0 +640 +397 0 +640 +399 0 +640 +401 0 +640 +403 0 +640 +405 0 +640 +407 0 +640 +409 0 +640 +411 0 +640 +413 0 +640 +415 0 +640 +417 0 +640 +419 0 +132 +285 1 +132 +287 1 +132 +289 1 +132 +291 1 +132 +293 1 +132 +295 1 +132 +297 1 +132 +299 1 +132 +301 1 +132 +303 1 +132 +305 1 +132 +307 1 +132 +309 1 +132 +311 1 +132 +313 1 +132 +315 1 +132 +317 1 +132 +319 1 +132 +321 1 +132 +323 1 +132 +325 1 +132 +327 1 +132 +329 1 +132 +331 1 +132 +333 1 +132 +335 1 +132 +337 1 +132 +339 1 +132 +341 1 +132 +343 1 +132 +345 1 +132 +347 1 +132 +349 1 +132 +351 1 +132 +353 1 +132 +355 1 +132 +357 1 +132 +359 1 +132 +361 1 +132 +363 1 +132 +365 1 +132 +367 1 +132 +369 1 +132 +371 1 +132 +373 1 +132 +375 1 +132 +377 1 +132 +379 1 +132 +381 1 +132 +383 1 +132 +385 1 +132 +387 1 +132 +389 1 +132 +391 1 +132 +393 1 +132 +395 1 +132 +397 1 +132 +399 1 +132 +401 1 +132 +403 1 +132 +405 1 +132 +407 1 +132 +409 1 +132 +411 1 +132 +413 1 +132 +415 1 +132 +417 1 +132 +419 1 +133 +420 1 +135 +420 1 +137 +420 1 +139 +420 1 +141 +420 1 +143 +420 1 +145 +420 1 +147 +420 1 +149 +420 1 +151 +420 1 +153 +420 1 +155 +420 1 +157 +420 1 +159 +420 1 +161 +420 1 +163 +420 1 +165 +420 1 +167 +420 1 +169 +420 1 +171 +420 1 +173 +420 1 +175 +420 1 +177 +420 1 +179 +420 1 +181 +420 1 +183 +420 1 +185 +420 1 +187 +420 1 +189 +420 1 +191 +420 1 +193 +420 1 +195 +420 1 +197 +420 1 +199 +420 1 +201 +420 1 +203 +420 1 +205 +420 1 +207 +420 1 +209 +420 1 +211 +420 1 +213 +420 1 +215 +420 1 +217 +420 1 +219 +420 1 +221 +420 1 +223 +420 1 +225 +420 1 +227 +420 1 +229 +420 1 +231 +420 1 +233 +420 1 +235 +420 1 +237 +420 1 +239 +420 1 +241 +420 1 +243 +420 1 +245 +420 1 +247 +420 1 +249 +420 1 +251 +420 1 +253 +420 1 +255 +420 1 +257 +420 1 +259 +420 1 +261 +420 1 +263 +420 1 +265 +420 1 +267 +420 1 +269 +420 1 +271 +420 1 +273 +420 1 +275 +420 1 +277 +420 1 +279 +420 1 +281 +420 1 +283 +420 1 +285 +420 1 +287 +420 1 +289 +420 1 +291 +420 1 +293 +420 1 +295 +420 1 +297 +420 1 +299 +420 1 +301 +420 1 +303 +420 1 +305 +420 1 +307 +420 1 +309 +420 1 +311 +420 1 +313 +420 1 +315 +420 1 +317 +420 1 +319 +420 1 +321 +420 1 +323 +420 1 +325 +420 1 +327 +420 1 +329 +420 1 +331 +420 1 +333 +420 1 +335 +420 1 +337 +420 1 +339 +420 1 +341 +420 1 +343 +420 1 +345 +420 1 +347 +420 1 +349 +420 1 +351 +420 1 +353 +420 1 +355 +420 1 +357 +420 1 +359 +420 1 +361 +420 1 +363 +420 1 +365 +420 1 +367 +420 1 +369 +420 1 +371 +420 1 +373 +420 1 +375 +420 1 +377 +420 1 +379 +420 1 +381 +420 1 +383 +420 1 +385 +420 1 +387 +420 1 +389 +420 1 +391 +420 1 +393 +420 1 +395 +420 1 +397 +420 1 +399 +420 1 +401 +420 1 +403 +420 1 +405 +420 1 +407 +420 1 +409 +420 1 +411 +420 1 +413 +420 1 +415 +420 1 +417 +420 1 +419 +420 1 +421 +420 1 +423 +420 1 +425 +420 1 +427 +420 1 +429 +420 1 +431 +420 1 +433 +420 1 +435 +420 1 +437 +420 1 +439 +420 1 +441 +420 1 +443 +420 1 +445 +420 1 +447 +420 1 +449 +420 1 +451 +420 1 +453 +420 1 +455 +420 1 +457 +420 1 +459 +420 1 +461 +420 1 +463 +420 1 +465 +420 1 +467 +420 1 +469 +420 1 +471 +420 1 +473 +420 1 +475 +420 1 +477 +420 1 +479 +420 1 +481 +420 1 +483 +420 1 +485 +420 1 +487 +420 1 +489 +420 1 +491 +420 1 +493 +420 1 +495 +420 1 +497 +420 1 +499 +420 1 +501 +420 1 +503 +420 1 +505 +420 1 +507 +420 1 +509 +420 1 +511 +420 1 +513 +420 1 +515 +420 1 +517 +420 1 +519 +420 1 +521 +420 1 +523 +420 1 +525 +420 1 +527 +420 1 +529 +420 1 +531 +420 1 +533 +420 1 +535 +420 1 +537 +420 1 +539 +420 1 +541 +420 1 +543 +420 1 +545 +420 1 +547 +420 1 +549 +420 1 +551 +354 1 +551 +420 1 +553 +352 1 +553 +420 1 +555 +350 1 +555 +420 1 +557 +346 1 +557 +420 1 +559 +344 1 +559 +420 1 +561 +340 1 +561 +420 1 +563 +338 1 +563 +420 1 +565 +334 1 +565 +420 1 +567 +332 1 +567 +420 1 +569 +330 1 +569 +420 1 +571 +326 1 +571 +420 1 +573 +324 1 +573 +420 1 +575 +320 1 +575 +420 1 +577 +318 1 +577 +420 1 +579 +314 1 +579 +420 1 +581 +312 1 +581 +420 1 +583 +310 1 +583 +420 1 +585 +306 1 +585 +420 1 +587 +304 1 +587 +420 1 +589 +300 1 +589 +420 1 +591 +298 1 +591 +420 1 +593 +294 1 +593 +420 1 +595 +292 1 +595 +420 1 +597 +290 1 +597 +420 1 +599 +420 1 +601 +420 1 +603 +420 1 +605 +420 1 +607 +420 1 +609 +420 1 +611 +420 1 +613 +420 1 +615 +420 1 +617 +420 1 +619 +420 1 +621 +420 1 +623 +420 1 +625 +420 1 +627 +420 1 +629 +420 1 +631 +420 1 +633 +420 1 +635 +420 1 +637 +420 1 +639 +420 1 
