Shape: bean
Grid Step: 0.25
Radius: 5
Iterations: 400
Estimator: II
Strategy: Best
Min GC Length: 2
Max GC Length: 50
Jonctions: 1
Length Penalization: 0.01
Fixed Linels: +149 +342 0 +151 +342 0 +152 +343 0 +153 +344 0 +155 +344 0 +157 +344 0 +159 +344 0 +160 +345 0 +161 +346 0 +163 +346 0 +165 +346 0 +166 +347 0 +167 +348 0 +169 +348 0 +171 +348 0 +172 +349 0 +173 +350 0 +175 +350 0 +177 +350 0 +179 +350 0 +180 +351 0 +181 +352 0 +183 +352 0 +185 +352 0 +186 +353 0 +187 +354 0 +189 +354 0 +190 +355 0 +191 +356 0 +192 +357 0 +193 +358 0 +194 +359 0 +194 +361 0 +195 +362 0 +196 +363 0 +197 +364 0 +198 +365 0 +199 +366 0 +200 +367 0 +201 +368 0 +202 +369 0 +203 +370 0 +204 +371 0 +204 +373 0 +205 +374 0 +206 +375 0 +207 +376 0 +208 +377 0 +209 +378 0 +210 +379 0 +211 +380 0 +212 +381 0 +213 +382 0 +214 +383 0 +214 +385 0 +215 +386 0 +216 +387 0 +217 +388 0 +218 +389 0 +219 +390 0 +220 +391 0 +221 +392 0 +222 +393 0 +222 +395 0 +223 +396 0 +224 +397 0 +225 +398 0 +226 +399 0 +227 +400 0 +228 +401 0 +229 +402 0 +230 +403 0 +231 +404 0 +232 +405 0 +232 +407 0 +233 +408 0 +234 +409 0 +235 +410 0 +236 +411 0 +237 +412 0 +238 +413 0 +239 +414 0 +240 +415 0 +240 +417 0 +241 +418 0 +242 +419 0 +243 +420 0 +244 +421 0 +245 +422 0 +246 +423 0 +247 +424 0 +248 +425 0 +249 +426 0 +250 +427 0 +250 +429 0 +251 +430 0 +252 +431 0 +253 +432 0 +254 +433 0 +255 +434 0 +256 +435 0 +257 +436 0 +258 +437 0 +259 +438 0 +260 +439 0 +260 +441 0 +261 +442 0 +262 +443 0 +449 +344 0 +451 +344 0 +453 +344 0 +455 +344 0 +457 +344 0 +459 +344 0 +461 +344 0 +463 +344 0 +465 +344 0 +467 +344 0 +469 +344 0 +471 +344 0 +473 +344 0 +475 +344 0 +477 +342 0 +479 +342 0 +481 +342 0 +483 +342 0 +485 +342 0 +487 +342 0 +489 +342 0 +491 +342 0 +493 +342 0 +495 +342 0 +497 +342 0 +499 +342 0 +501 +342 0 +503 +342 0 +505 +342 0 +507 +342 0 +509 +342 0 +511 +342 0 +513 +342 0 +515 +342 0 +517 +342 0 +519 +342 0 +521 +342 0 +523 +342 0 +525 +342 0 +527 +342 0 +529 +342 0 +531 +342 0 +533 +342 0 +535 +342 0 +537 +342 0 +539 +342 0 +541 +342 0 +543 +342 0 +545 +342 0 +546 +343 0 +546 +345 0 +546 +347 0 +546 +349 0 +546 +351 0 +546 +353 0 +546 +355 0 +546 +357 0 +546 +359 0 +546 +361 0 +546 +363 0 +546 +365 0 +546 +367 0 +546 +369 0 +546 +371 0 +546 +373 0 +546 +375 0 +546 +377 0 +546 +379 0 +546 +381 0 +546 +383 0 +546 +385 0 +546 +387 0 +546 +389 0 +546 +391 0 +546 +393 0 +546 +395 0 +546 +397 0 +546 +399 0 +546 +401 0 +546 +403 0 +546 +405 0 +546 +407 0 +546 +409 0 +546 +411 0 +546 +413 0 +546 +415 0 +546 +417 0 +546 +419 0 +546 +421 0 +546 +423 0 +546 +425 0 +546 +427 0 +546 +429 0 +546 +431 0 +546 +433 0 +546 +435 0 +546 +437 0 +546 +439 0 +546 +441 0 +546 +443 0 +546 +445 0 +546 +447 0 +546 +449 0 +546 +451 0 +546 +453 0 +546 +455 0 +546 +457 0 +546 +459 0 +546 +461 0 +546 +463 0 +546 +465 0 +546 +467 0 +546 +469 0 +546 +471 0 +546 +473 0 +546 +475 0 +546 +477 0 +546 +479 0 +546 +481 0 +546 +483 0 +546 +485 0 +148 +343 1 +148 +345 1 +148 +347 1 +148 +349 1 +148 +351 1 +148 +353 1 +148 +355 1 +148 +357 1 +148 +359 1 +148 +361 1 +148 +363 1 +148 +365 1 +148 +367 1 +148 +369 1 +148 +371 1 +148 +373 1 +148 +375 1 +148 +377 1 +148 +379 1 +148 +381 1 +148 +383 1 +148 +385 1 +148 +387 1 +148 +389 1 +148 +391 1 +148 +393 1 +148 +395 1 +148 +397 1 +148 +399 1 +148 +401 1 +148 +403 1 +148 +405 1 +148 +407 1 +148 +409 1 +148 +411 1 +148 +413 1 +148 +415 1 +148 +417 1 +148 +419 1 +148 +421 1 +148 +423 1 +148 +425 1 +148 +427 1 +148 +429 1 +148 +431 1 +148 +433 1 +148 +435 1 +148 +437 1 +148 +439 1 +148 +441 1 +148 +443 1 +148 +445 1 +148 +447 1 +148 +449 1 +148 +451 1 +148 +453 1 +148 +455 1 +148 +457 1 +148 +459 1 +148 +461 1 +148 +463 1 +148 +465 1 +148 +467 1 +148 +469 1 +148 +471 1 +148 +473 1 +148 +475 1 +148 +477 1 +148 +479 1 +148 +481 1 +148 +483 1 +148 +485 1 +149 +486 1 +151 +486 1 +153 +486 1 +155 +486 1 +157 +486 1 +159 +486 1 +161 +486 1 +163 +486 1 +165 +486 1 +167 +486 1 +169 +486 1 +171 +486 1 +173 +486 1 +175 +486 1 +177 +486 1 +179 +486 1 +181 +486 1 +183 +486 1 +185 +486 1 +187 +486 1 +189 +486 1 +191 +486 1 +193 +486 1 +195 +486 1 +197 +486 1 +199 +486 1 +201 +486 1 +203 +486 1 +205 +486 1 +207 +486 1 +209 +486 1 +211 +486 1 +213 +486 1 +215 +486 1 +217 +486 1 +219 +486 1 +221 +486 1 +223 +486 1 +225 +486 1 +227 +486 1 +229 +486 1 +231 +486 1 +233 +486 1 +235 +486 1 +237 +486 1 +239 +486 1 +241 +486 1 +243 +486 1 +245 +486 1 +247 +486 1 +249 +486 1 +251 +486 1 +253 +486 1 +255 +486 1 +257 +486 1 +259 +486 1 +261 +486 1 +263 +486 1 +265 +486 1 +267 +486 1 +269 +486 1 +271 +486 1 +273 +486 1 +275 +486 1 +277 +486 1 +279 +486 1 +281 +486 1 +283 +486 1 +285 +486 1 +287 +486 1 +289 +486 1 +291 +486 1 +293 +486 1 +295 +486 1 +297 +486 1 +299 +486 1 +301 +486 1 +303 +486 1 +305 +486 1 +307 +486 1 +309 +486 1 +311 +486 1 +313 +486 1 +315 +486 1 +317 +486 1 +319 +486 1 +321 +486 1 +323 +486 1 +325 +486 1 +327 +486 1 +329 +486 1 +331 +486 1 +333 +486 1 +335 +486 1 +337 +486 1 +339 +486 1 +341 +486 1 +343 +486 1 +345 +486 1 +347 +486 1 +349 +486 1 +351 +486 1 +353 +486 1 +355 +486 1 +357 +486 1 +359 +486 1 +361 +486 1 +363 +486 1 +365 +486 1 +367 +486 1 +369 +486 1 +371 +486 1 +373 +486 1 +375 +486 1 +377 +486 1 +379 +486 1 +381 +486 1 +383 +486 1 +385 +486 1 +387 +486 1 +389 +486 1 +391 +486 1 +393 +486 1 +395 +486 1 +397 +486 1 +399 +486 1 +401 +486 1 +403 +486 1 +405 +486 1 +407 +486 1 +409 +486 1 +411 +486 1 +413 +486 1 +415 +486 1 +417 +486 1 +419 +486 1 +421 +486 1 +423 +486 1 +425 +486 1 +427 +486 1 +429 +486 1 +431 +486 1 +433 +486 1 +435 +486 1 +437 +486 1 +439 +486 1 +441 +486 1 +443 +486 1 +445 +486 1 +447 +486 1 +449 +486 1 +451 +486 1 +453 +486 1 +455 +486 1 +457 +486 1 +459 +486 1 +461 +486 1 +463 +486 1 +465 +486 1 +467 +486 1 +469 +486 1 +471 +486 1 +473 +486 1 +475 +486 1 +476 +343 1 +477 +486 1 +479 +486 1 +481 +486 1 +483 +486 1 +485 +486 1 +487 +486 1 +489 +486 1 +491 +486 1 +493 +486 1 +495 +486 1 +497 +486 1 +499 +486 1 +501 +486 1 +503 +486 1 +505 +486 1 +507 +486 1 +509 +486 1 +511 +486 1 +513 +486 1 +515 +486 1 +517 +486 1 +519 +486 1 +521 +486 1 +523 +486 1 +525 +486 1 +527 +486 1 +529 +486 1 +531 +486 1 +533 +486 1 +535 +486 1 +537 +486 1 +539 +486 1 +541 +486 1 +543 +486 1 +545 +486 1 
